# Simulated cooperative binding of Trp to TRAP11# Experimental data
5.000E-06	0.000E+00	1.000000	0.000000	0.000000	0.000000	0.000000	0.000000	0.000000	0.000000	0.000000	0.000000	0.000000	0.000000
5.000E-06	5.000E-06	0.484996	0.339277	0.129523	0.036201	0.008168	0.001546	0.000250	0.000035	0.000004	0.000000	0.000000	0.000000
5.000E-06	1.500E-05	0.120712	0.231976	0.243282	0.186795	0.115783	0.060217	0.026716	0.010150	0.003277	0.000879	0.000186	0.000028
5.000E-06	2.500E-05	0.029599	0.090236	0.150127	0.182864	0.179815	0.148358	0.104417	0.062932	0.032232	0.013711	0.004599	0.001110
5.000E-06	3.500E-05	0.006253	0.026592	0.061719	0.104874	0.143861	0.165580	0.162573	0.136688	0.097662	0.057955	0.027116	0.009128
5.000E-06	4.500E-05	0.000976	0.005594	0.017504	0.040101	0.074165	0.115088	0.152348	0.172697	0.166359	0.133100	0.083962	0.038107
5.000E-06	5.500E-05	0.000096	0.000750	0.003180	0.009877	0.024763	0.052093	0.093481	0.143652	0.187593	0.203466	0.173996	0.107053
5.000E-06	6.500E-05	0.000006	0.000064	0.000374	0.001597	0.005507	0.015928	0.039302	0.083044	0.149113	0.222377	0.261480	0.221208
5.000E-06	7.500E-05	0.000000	0.000005	0.000037	0.000214	0.001007	0.003968	0.013339	0.038399	0.093939	0.190871	0.305778	0.352443
5.000E-06	1.100E-04	0.000000	0.000000	0.000000	0.000001	0.000008	0.000065	0.000482	0.003047	0.016370	0.073030	0.256884	0.650113
5.000E-06	1.100E-04	0.000000	0.000000	0.000000	0.000001	0.000008	0.000065	0.000482	0.003047	0.016370	0.073030	0.256884	0.650113
5.000E-06	1.650E-04	0.000000	0.000000	0.000000	0.000000	0.000000	0.000002	0.000022	0.000269	0.002795	0.024168	0.164747	0.807997
# Fitted data
5.000E-06	0.000E+00	1.000000	0.000000	0.000000	0.000000	0.000000	0.000000	0.000000	0.000000	0.000000	0.000000	0.000000	0.000000
5.000E-06	5.000E-06	0.473121	0.362106	0.125973	0.030421	0.006632	0.001403	0.000281	0.000052	0.000009	0.000001	0.000000	0.000000
5.000E-06	1.500E-05	0.124216	0.259054	0.245574	0.161598	0.095996	0.055327	0.030154	0.015369	0.007312	0.003232	0.001313	0.000854
5.000E-06	2.500E-05	0.041062	0.123273	0.168217	0.159343	0.136258	0.113047	0.088690	0.065072	0.044567	0.028355	0.016587	0.015529
5.000E-06	3.500E-05	0.013470	0.050970	0.087667	0.104670	0.112817	0.117976	0.116662	0.107889	0.093135	0.074688	0.055071	0.064985
5.000E-06	4.500E-05	0.003373	0.015750	0.033431	0.049259	0.065522	0.084558	0.103190	0.117769	0.125463	0.124165	0.112984	0.164535
5.000E-06	5.500E-05	0.000416	0.002502	0.006844	0.012995	0.022276	0.037048	0.058266	0.085699	0.117659	0.150062	0.175975	0.330259
5.000E-06	6.500E-05	0.000013	0.000109	0.000431	0.001177	0.002904	0.006949	0.015724	0.033275	0.065731	0.120620	0.203517	0.549549
5.000E-06	7.500E-05	0.000000	0.000002	0.000013	0.000055	0.000207	0.000751	0.002576	0.008260	0.024721	0.068736	0.175724	0.718954
5.000E-06	1.100E-04	0.000000	0.000000	0.000000	0.000000	0.000000	0.000004	0.000033	0.000262	0.001961	0.013660	0.087481	0.896599
5.000E-06	1.100E-04	0.000000	0.000000	0.000000	0.000000	0.000000	0.000004	0.000033	0.000262	0.001961	0.013660	0.087481	0.896599
5.000E-06	1.650E-04	0.000000	0.000000	0.000000	0.000000	0.000000	0.000000	0.000001	0.000018	0.000266	0.003678	0.046709	0.949327
